1997 089 299 
1998 088 298 
1999 087 304 
2000 086 303 
2001 084 301 
2002 090 300 
2003 089 299 
2004 088 305 
2005 086 303 
2006 085 302 
2007 084 301 
2008 090 300 
2009 088 298 
2010 087 304 
2011 086 303 
2012 085 302 
2013 090 300 
2014 089 299 
2015 088 298 
2016 087 304 
2017 085 302 
2018 084 301 
2019 090 300 
2020 089 299 
2021 087 304 
2022 086 303 
2023 085 302 
2024 091 301 
2025 089 299 
2026 088 298 
2027 087 304 
2028 086 303 
2029 084 301 
2030 090 300 
2031 089 299 
2032 088 305 
2033 086 303 
2034 085 302 
2035 084 301 
2036 090 300 
2037 088 298 
2038 087 304 
2039 086 303 
2040 085 302 
2041 090 300 
2042 089 299 

