Wavelength F0 a_oz a_ox a_w Trans
 305  .0000  1.192  .0000  .0000  .2520
 309  .0000  1.239  .0000  .0000  .2751
 312  .0000  .8730  .0000  .0000  .2902
 318  .0000  .3840  .0000  .0000  .3189
 325  .0000  .1090  .0000  .0000  .3500
 329  .0000  .0620  .0000  .0000  .3681
 332  .0000  .0400  .0000  .0000  .3784
 340  .0000  .0170  .0000  .0000  .4097
 350  .0993  .0094  .0000  .0000  .4471
 351  .1057  .0115  .0000  .0000  .4505
 352  .0933  .0092  .0000  .0000  .4542
 353  .0994  .0059  .0000  .0000  .4578
 354  .1126  .0037  .0000  .0000  .4612
 355  .1097  .0024  .0000  .0000  .4645
 356  .0999  .0016  .0000  .0000  .4682
 357  .0915  .0010  .0000  .0000  .4714
 358  .0760  .0007  .0000  .0000  .4748
 359  .0883  .0005  .0000  .0000  .4784
 360  .1059  .0003  .0000  .0000  .4817
 361  .0937  .0002  .0000  .0000  .4850
 362  .1036  .0002  .0000  .0000  .4883
 363  .1068  .0002  .0000  .0000  .4915
 364  .0987  .0001  .0000  .0000  .4948
 365  .1140  .0001  .0000  .0000  .4981
 366  .1258  .0001  .0000  .0000  .5012
 367  .1233  .0001  .0000  .0000  .5044
 368  .1153  .0001  .0000  .0000  .5075
 369  .1211  .0001  .0000  .0000  .5108
 370  .1205  .0001  .0000  .0000  .5140
 371  .1193  .0001  .0000  .0000  .5170
 372  .1187  .0001  .0000  .0000  .5199
 373  .0952  .0001  .0000  .0000  .5228
 374  .0859  .0001  .0000  .0000  .5262
 375  .1011  .0001  .0000  .0000  .5291
 376  .1123  .0001  .0000  .0000  .5318
 377  .1198  .0001  .0000  .0000  .5346
 378  .1318  .0001  .0000  .0000  .5379
 379  .1172  .0001  .0000  .0000  .5407
 380  .1146  .0000  .0000  .0000  .5433
 381  .1194  .0000  .0000  .0000  .5463
 382  .0916  .0000  .0000  .0000  .5492
 383  .0709  .0000  .0000  .0000  .5522
 384  .0856  .0000  .0000  .0000  .5548
 385  .0991  .0000  .0000  .0000  .5575
 386  .1013  .0000  .0000  .0000  .5601
 387  .1019  .0000  .0000  .0000  .5631
 388  .0940  .0000  .0000  .0000  .5656
 389  .1071  .0000  .0000  .0000  .5683
 390  .1227  .0000  .0000  .0000  .5710
 391  .1312  .0000  .0000  .0000  .5736
 392  .1178  .0000  .0000  .0000  .5760
 393  .0723  .0000  .0000  .0000  .5787
 394  .0796  .0000  .0000  .0000  .5814
 395  .1241  .0000  .0000  .0000  .5840
 396  .1015  .0000  .0000  .0000  .5863
 397  .0846  .0000  .0000  .0000  .5889
 398  .1290  .0000  .0000  .0000  .5913
 399  .1598  .0000  .0000  .0000  .5936
 400  .1674  .0000  .0000  .0000  .5961
 401  .1725  .0000  .0000  .0000  .5984
 402  .1802  .0000  .0000  .0000  .6008
 403  .1733  .0000  .0000  .0000  .6036
 404  .1632  .0000  .0000  .0000  .6058
 405  .1639  .0000  .0000  .0000  .6080
 406  .1650  .0000  .0000  .0000  .6102
 407  .1686  .0000  .0000  .0000  .6127
 408  .1687  .0000  .0000  .0000  .6150
 409  .1767  .0000  .0000  .0000  .6168
 410  .1606  .0000  .0000  .0000  .6190
 411  .1663  .0000  .0000  .0000  .6211
 412  .1808  .0000  .0000  .0000  .6238
 413  .1777  .0000  .0000  .0000  .6258
 414  .1750  .0000  .0000  .0000  .6275
 415  .1739  .0000  .0000  .0000  .6300
 416  .1791  .0000  .0000  .0000  .6324
 417  .1758  .0000  .0000  .0000  .6346
 418  .1678  .0000  .0000  .0000  .6365
 419  .1696  .0000  .0000  .0000  .6384
 420  .1734  .0000  .0000  .0000  .6404
 421  .1782  .0000  .0000  .0000  .6423
 422  .1694  .0000  .0000  .0000  .6446
 423  .1650  .0000  .0000  .0000  .6463
 424  .1743  .0001  .0000  .0000  .6482
 425  .1735  .0002  .0000  .0000  .6498
 426  .1700  .0003  .0000  .0000  .6523
 427  .1637  .0004  .0000  .0000  .6545
 428  .1582  .0006  .0000  .0000  .6559
 429  .1535  .0008  .0000  .0000  .6580
 430  .1308  .0010  .0000  .0000  .6601
 431  .1414  .0011  .0000  .0000  .6614
 432  .1670  .0013  .0000  .0000  .6634
 433  .1692  .0015  .0000  .0000  .6656
 434  .1704  .0017  .0000  .0000  .6669
 435  .1700  .0019  .0000  .0000  .6687
 436  .1830  .0020  .0000  .0000  .6703
 437  .1872  .0022  .0000  .0000  .6724
 438  .1691  .0024  .0000  .0000  .6745
 439  .1700  .0026  .0000  .0000  .6757
 440  .1773  .0027  .0000  .0000  .6770
 441  .1826  .0028  .0000  .0000  .6793
 442  .1960  .0029  .0000  .0000  .6812
 443  .1949  .0030  .0000  .0000  .6830
 444  .1946  .0030  .0000  .0000  .6844
 445  .1902  .0029  .0000  .0000  .6856
 446  .1862  .0029  .0000  .0000  .6871
 447  .1989  .0028  .0000  .0000  .6891
 448  .2030  .0028  .0000  .0000  .6908
 449  .2005  .0028  .0000  .0000  .6913
 450  .2090  .0030  .0000  .0000  .6938
 451  .2131  .0033  .0000  .0000  .6956
 452  .2030  .0038  .0000  .0000  .6970
 453  .1960  .0043  .0000  .0000  .6985
 454  .1979  .0049  .0000  .0000  .7000
 455  .2011  .0054  .0000  .0000  .7017
 456  .2060  .0060  .0000  .0000  .7029
 457  .2093  .0066  .0000  .0000  .7044
 458  .2040  .0072  .0000  .0000  .7061
 459  .1995  .0077  .0000  .0000  .7069
 460  .2029  .0082  .0000  .0000  .7089
 461  .2052  .0086  .0000  .0000  .7101
 462  .2084  .0087  .0000  .0000  .7114
 463  .2077  .0087  .0000  .0000  .7131
 464  .2013  .0085  .0000  .0000  .7138
 465  .2014  .0082  .0000  .0000  .7156
 466  .1986  .0078  .0000  .0000  .7172
 467  .1973  .0075  .0000  .0000  .7188
 468  .2009  .0073  .0000  .0000  .7195
 469  .1997  .0072  .0000  .0000  .7210
 470  .1939  .0074  .0000  .0000  .7227
 471  .1952  .0079  .0000  .0000  .7239
 472  .2034  .0087  .0000  .0000  .7253
 473  .2021  .0097  .0000  .0000  .7265
 474  .2026  .0108  .0000  .0000  .7278
 475  .2039  .0119  .0000  .0000  .7283
 476  .1991  .0131  .0000  .0000  .7298
 477  .2025  .0143  .0000  .0000  .7313
 478  .2047  .0154  .0000  .0000  .7326
 479  .2048  .0166  .0000  .0000  .7338
 480  .2060  .0177  .0000  .0000  .7345
 481  .2067  .0187  .0000  .0000  .7360
 482  .2054  .0196  .0000  .0000  .7372
 483  .2047  .0202  .0000  .0000  .7385
 484  .2011  .0205  .0000  .0000  .7400
 485  .1950  .0203  .0000  .0000  .7410
 486  .1687  .0197  .0000  .0000  .7421
 487  .1723  .0191  .0000  .0000  .7432
 488  .1874  .0185  .0000  .0000  .7445
 489  .1949  .0182  .0000  .0000  .7448
 490  .1938  .0183  .0000  .0000  .7462
 491  .1900  .0187  .0000  .0000  .7475
 492  .1909  .0193  .0000  .0000  .7488
 493  .1941  .0201  .0000  .0000  .7498
 494  .1954  .0209  .0000  .0000  .7507
 495  .2003  .0218  .0000  .0000  .7515
 496  .2003  .0228  .0000  .0000  .7527
 497  .2003  .0239  .0000  .0000  .7536
 498  .1973  .0250  .0000  .0000  .7548
 499  .1933  .0263  .0000  .0000  .7562
 500  .1871  .0279  .0000  .0000  .7573
 501  .1832  .0297  .0000  .0000  .7582
 502  .1890  .0317  .0000  .0000  .7591
 503  .1928  .0337  .0000  .0000  .7599
 504  .1925  .0358  .0000  .0000  .7609
 505  .1924  .0377  .0000  .0000  .7616
 506  .1956  .0394  .0000  .0000  .7625
 507  .1977  .0406  .0000  .0000  .7638
 508  .1953  .0412  .0000  .0000  .7648
 509  .1941  .0409  .0000  .0000  .7656
 510  .1939  .0399  .0000  .0000  .7664
 511  .1939  .0387  .0000  .0000  .7674
 512  .1913  .0377  .0000  .0000  .7682
 513  .1900  .0371  .0000  .0000  .7691
 514  .1872  .0373  .0000  .0000  .7703
 515  .1858  .0380  .0000  .0000  .7712
 516  .1744  .0392  .0000  .0000  .7722
 517  .1688  .0405  .0000  .0000  .7730
 518  .1725  .0421  .0000  .0000  .7740
 519  .1743  .0437  .0000  .0000  .7745
 520  .1828  .0454  .0000  .0000  .7754
 521  .1862  .0471  .0000  .0000  .7763
 522  .1891  .0488  .0000  .0000  .7772
 523  .1908  .0506  .0000  .0000  .7781
 524  .1922  .0523  .0000  .0000  .7789
 525  .1873  .0541  .0000  .0000  .7796
 526  .1843  .0559  .0000  .0000  .7801
 527  .1834  .0576  .0000  .0000  .7809
 528  .1830  .0594  .0000  .0000  .7818
 529  .1921  .0611  .0000  .0000  .7826
 530  .1959  .0628  .0000  .0000  .7834
 531  .1952  .0645  .0000  .0000  .7842
 532  .1948  .0662  .0000  .0000  .7850
 533  .1872  .0677  .0000  .0000  .7858
 534  .1859  .0691  .0000  .0000  .7866
 535  .1951  .0703  .0000  .0000  .7875
 536  .1941  .0711  .0000  .0000  .7883
 537  .1861  .0715  .0000  .0000  .7890
 538  .1858  .0717  .0000  .0000  .7898
 539  .1851  .0718  .0000  .0000  .7902
 540  .1840  .0721  .0000  .0000  .7910
 541  .1819  .0727  .0000  .0000  .7919
 542  .1847  .0737  .0000  .0000  .7924
 543  .1875  .0748  .0000  .0000  .7930
 544  .1893  .0761  .0000  .0000  .7937
 545  .1911  .0774  .0000  .0000  .7944
 546  .1889  .0787  .0000  .0000  .7950
 547  .1867  .0801  .0000  .0000  .7959
 548  .1875  .0814  .0000  .0000  .7964
 549  .1883  .0826  .0000  .0000  .7971
 550  .1878  .0838  .0000  .0000  .7978
 551  .1874  .0848  .0000  .0000  .7986
 552  .1870  .0858  .0000  .0000  .7994
 553  .1869  .0867  .0000  .0000  .8001
 554  .1889  .0876  .0000  .0000  .8008
 555  .1896  .0885  .0000  .0000  .8016
 556  .1840  .0895  .0000  .0000  .8023
 557  .1826  .0907  .0000  .0000  .8030
 558  .1817  .0921  .0000  .0000  .8037
 559  .1815  .0939  .0000  .0000  .8043
 560  .1823  .0959  .0000  .0000  .8051
 561  .1824  .0980  .0000  .0000  .8057
 562  .1860  .1003  .0000  .0000  .8064
 563  .1868  .1026  .0000  .0000  .8069
 564  .1848  .1049  .0000  .0000  .8074
 565  .1844  .1072  .0000  .0000  .8081
 566  .1844  .1094  .0000  .0060  .8088
 567  .1844  .1115  .0000  .0141  .8096
 568  .1852  .1135  .0000  .0224  .8102
 569  .1853  .1151  .0000  .0297  .8107
 570  .1805  .1164  .0000  .0337  .8115
 571  .1799  .1173  .0000  .0322  .8119
 572  .1884  .1181  .0000  .0274  .8126
 573  .1894  .1186  .0000  .0215  .8133
 574  .1861  .1191  .0000  .0158  .8140
 575  .1857  .1194  .0000  .0116  .8146
 576  .1857  .1195  .0000  .0104  .8153
 577  .1857  .1193  .0000  .0106  .8159
 578  .1822  .1187  .0000  .0105  .8165
 579  .1823  .1179  .0000  .0082  .8171
 580  .1852  .1169  .0000  .0002  .8177
 581  .1853  .1159  .0000  .0000  .8183
 582  .1866  .1147  .0000  .0000  .8189
 583  .1866  .1136  .0000  .0000  .8195
 584  .1861  .1124  .0000  .0000  .8201
 585  .1859  .1113  .0000  .0026  .8206
 586  .1810  .1103  .0000  .1233  .8212
 587  .1808  .1093  .0000  .2843  .8217
 588  .1765  .1086  .0000  .4539  .8223
 589  .1765  .1082  .0000  .6053  .8229
 590  .1761  .1082  .0000  .7000  .8234
 591  .1766  .1089  .0000  .6971  .8240
 592  .1797  .1102  .0000  .6357  .8244
 593  .1797  .1117  .0000  .5493  .8249
 594  .1794  .1134  .0000  .4543  .8255
 595  .1798  .1152  .0000  .3613  .8261
 596  .1818  .1170  .0000  .2779  .8267
 597  .1810  .1188  .0000  .2019  .8272
 598  .1763  .1206  .0000  .1315  .8276
 599  .1761  .1222  .0000  .0692  .8281
 600  .1752  .1236  .0000  .0226  .8286
 601  .1747  .1247  .0000  .0218  .8291
 602  .1729  .1253  .0000  .0172  .8295
 603  .1737  .1252  .0000  .0111  .8301
 604  .1772  .1246  .0000  .0005  .8306
 605  .1768  .1238  .0000  .0003  .8312
 606  .1751  .1227  .0000  .0000  .8316
 607  .1749  .1215  .0000  .0000  .8322
 608  .1742  .1203  .0000  .0000  .8327
 609  .1734  .1190  .0000  .0000  .8332
 610  .1726  .1177  .0000  .0000  .8337
 611  .1735  .1164  .0000  .0000  .8341
 612  .1744  .1150  .0000  .0000  .8346
 613  .1726  .1136  .0000  .0000  .8350
 614  .1709  .1123  .0000  .0000  .8356
 615  .1693  .1109  .0000  .0000  .8361
 616  .1677  .1096  .0000  .0000  .8365
 617  .1705  .1082  .0000  .0000  .8369
 618  .1733  .1068  .0000  .0000  .8375
 619  .1732  .1054  .0000  .0000  .8380
 620  .1731  .1041  .0000  .0000  .8384
 621  .1717  .1027  .0000  .0000  .8388
 622  .1704  .1013  .0000  .0000  .8393
 623  .1684  .1000  .0000  .0000  .8398
 624  .1666  .0986  .0000  .0000  .8402
 625  .1669  .0972  .0000  .0000  .8406
 626  .1671  .0959  .0021  .0009  .8411
 627  .1689  .0945  .0049  .0021  .8368
 628  .1701  .0931  .0078  .0033  .8105
 629  .1674  .0917  .0103  .0043  .8218
 630  .1656  .0904  .0114  .0047  .8294
 631  .1655  .0890  .0103  .0042  .8332
 632  .1654  .0876  .0078  .0031  .8381
 633  .1654  .0863  .0049  .0018  .8414
 634  .1654  .0849  .0021  .0007  .8434
 635  .1658  .0835  .0000  .0000  .8446
 636  .1661  .0822  .0000  .0001  .8452
 637  .1662  .0808  .0000  .0007  .8457
 638  .1663  .0794  .0000  .0014  .8461
 639  .1643  .0780  .0000  .0017  .8465
 640  .1630  .0767  .0000  .0011  .8469
 641  .1622  .0753  .0000  .0000  .8473
 642  .1616  .0739  .0000  .0000  .8477
 643  .1624  .0726  .0000  .0000  .8481
 644  .1629  .0712  .0000  .0000  .8484
 645  .1619  .0699  .0000  .0111  .8489
 646  .1612  .0685  .0000  .0384  .8493
 647  .1611  .0672  .0000  .0743  .8496
 648  .1610  .0659  .0000  .1122  .8500
 649  .1582  .0647  .0000  .1473  .8504
 650  .1564  .0636  .0000  .1728  .8508
 651  .1585  .0625  .0000  .1813  .8512
 652  .1600  .0615  .0000  .1791  .8515
 653  .1599  .0606  .0000  .1714  .8518
 654  .1598  .0597  .0000  .1596  .8522
 655  .1462  .0589  .0000  .1422  .8526
 656  .1371  .0580  .0000  .1169  .8529
 657  .1377  .0572  .0000  .0874  .8533
 658  .1415  .0563  .0000  .0571  .8537
 659  .1460  .0555  .0000  .0291  .8540
 660  .1505  .0547  .0000  .0080  .8544
 661  .1548  .0538  .0000  .0000  .8547
 662  .1581  .0530  .0000  .0000  .8551
 663  .1584  .0521  .0000  .0000  .8554
 664  .1576  .0513  .0000  .0000  .8557
 665  .1566  .0505  .0000  .0011  .8561
 666  .1557  .0496  .0000  .0017  .8564
 667  .1550  .0488  .0000  .0015  .8567
 668  .1543  .0479  .0000  .0011  .8570
 669  .1537  .0471  .0000  .0005  .8574
 670  .1531  .0463  .0000  .0001  .8577
 671  .1525  .0454  .0000  .0000  .8581
 672  .1519  .0446  .0000  .0000  .8583
 673  .1512  .0437  .0000  .0000  .8587
 674  .1506  .0429  .0000  .0000  .8590
 675  .1500  .0421  .0000  .0000  .8593
 676  .1494  .0412  .0000  .0000  .8596
 677  .1488  .0404  .0000  .0000  .8599
 678  .1481  .0396  .0000  .0000  .8602
 679  .1476  .0387  .0000  .0000  .8606
 680  .1472  .0379  .0000  .0004  .8608
 681  .1469  .0370  .0000  .0006  .8611
 682  .1466  .0362  .0000  .0008  .8615
 683  .1463  .0354  .0000  .0010  .8617
 684  .1460  .0345  .0000  .0014  .8620
 685  .1457  .0337  .0000  .0017  .8624
 686  .1454  .0328  .0672  .0016  .8493
 687  .1450  .0320  .8100  .0015  .6807
 688  .1447  .0312  .6500  .0014  .6720
 689  .1444  .0303  .5052  .0013  .7545
 690  .1441  .0295  .3604  .0013  .7606
 691  .1438  .0287  .3250  .0842  .7939
 692  .1435  .0278  .2480  .1961  .8210
 693  .1432  .0270  .1566  .3173  .8412
 694  .1429  .0262  .0678  .4341  .8548
 695  .1426  .0254  .0008  .5299  .8608
 696  .1423  .0245  .0000  .5878  .8635
 697  .1420  .0238  .0000  .6207  .8652
 698  .1417  .0230  .0000  .6373  .8660
 699  .1414  .0223  .0000  .6359  .8665
 700  .1411  .0216  .0000  .60200  .8669
 701  .1390  .0216  .0000  .54305  .8672
 702  .1390  .0216  .0000  .48410  .8675
 703  .1390  .0215  .0000  .42515  .8679
 704  .1404  .0215  .0000  .36620  .8682
 705  .1419  .0214  .0000  .30725  .8685
 706  .1411  .0214  .0000  .24830  .8688
 707  .1404  .0213  .0000  .18935  .8692
 708  .1396  .0213  .0000  .13040  .8695
 709  .1388  .0212  .0000  .07145  .8698
 710  .1389  .0212  .0000  .01250  .8701
 711  .1389  .0208  .0000  .23594  .8704
 712  .1383  .0164  .0000  .45937  .8707
 713  .1377  .0120  .0000  .68281  .8710
 714  .1373  .0155  .0000  .90625  .8713
 715  .1370  .0191  .0000  1.12969  .8716
 716  .1363  .0187  .0000  1.13531  .8719
 717  .1357  .0183  .0000  1.57656  .8722
 718  .1344  .0179  .0000  1.80000  .8725
 719  .1331  .0175  .0000  1.90940  .8728
 720  .1333  .0171  .0000  2.01880  .8731
 721  .1334  .0168  .0000  2.12810  .8734
 722  .1342  .0165  .0000  2.23750  .8736
 723  .1351  .0161  .0000  2.34690  .8739
 724  .1352  .0157  .0000  2.37655  .8742
 725  .1353  .0154  .0000  2.40620  .8745
 726  .1351  .0151  .0000  2.24985  .8748
 727  .1349  .0148  .0000  2.09350  .8751
 728  .1355  .0144  .0000  1.93715  .8753
 729  .1322  .0141  .0000  1.78080  .8756
 730  .1326  .0138  .0000  1.62450  .8759
 731  .1329  .0134  .0000  1.46810  .8762
 732  .1325  .0130  .0000  1.31175  .8764
 733  .1321  .0127  .0000  1.15540  .8767
 734  .1316  .0123  .0000  .99905  .8770
 735  .1312  .0119  .0000  .84270  .8773
 736  .1311  .0115  .0000  .68635  .8775
 737  .1310  .0111  .0000  .53000  .8778
 738  .1295  .0107  .0000  .37365  .8781
 739  .1281  .0104  .0000  .21730  .8783
 740  .1271  .0100  .0000  .06100  .8786
 741  .1261  .0092  .0000  .05620  .8789
 742  .1275  .0083  .0000  .05040  .8791
 743  .1289  .0074  .0000  .04660  .8794
 744  .1285  .0066  .0000  .04175  .8796
 745  .1282  .0058  .0000  .03690  .8799
 746  .1284  .0050  .0000  .03210  .8801
 747  .1286  .0042  .0000  .02730  .8803
 748  .1279  .0034  .0000  .02250  .8806
 749  .1273  .0026  .0000  .01770  .8808
 750  .1269  .0018  .0000  .01285  .8811
 751  .1265  .0010  .0000  .00800  .8814
 752  .1263  .0005  .0000  .00435  .8816
 753  .1262  .0000  .0000  .00070  .8818
 754  .1260  .0000  .0000  .00055  .8821
 755  .1258  .0000  .0000  .00040  .8823
 756  .1254  .0000  .0000  .00025  .8825
 757  .1251  .0000  .0000  .00010  .8828
 758  .1247  .0000  .0000  .00008  .8796
 759  .1243  .0000  .0000  .00007  .7251
 760  .1241  .0000  .0000  .00005  .2591
 761  .1240  .0000  .0000  .00004  .2471
 762  .1242  .0000  1.817  .00002  .4502
 763  .1244  .0000  3.635  .00001  .4515
 764  .1234  .0000  2.905  .00001  .4660
 765  .1224  .0000  2.175  .00001  .5482
 766  .1206  .0000  1.445  .00001  .6721
 767  .1188  .0000  .715   .00001  .7543
 768  .1197  .0000  .357   .00004  .8227
 769  .1206  .0000  .0000  .00007  .8509
 770  .1206  .0000  .0000  .00011  .8672
 771  .1207  .0000  .0000  .00015  .8800
 772  .1209  .0000  .0000  .00019  .8835
 773  .1211  .0000  .0000  .00024  .8844
 774  .1201  .0000  .0000  .00027  .8854
 775  .1191  .0000  .0000  .00031  .8861
 776  .1195  .0000  .0000  .00035  .8868
 777  .1199  .0000  .0000  .00039  .8871
 778  .1194  .0000  .0000  .00043  .8873
 779  .1190  .0000  .0000  .00047  .8876
 780  .1190  .0000  .0000  .00060  .8878
 781  .1190  .0000  .0000  .00237  .8880
 782  .1184  .0000  .0000  .00414  .8882
 783  .1179  .0000  .0000  .00591  .8884
 784  .1181  .0000  .0000  .00768  .8886
 785  .1183  .0000  .0000  .00945  .8888
 786  .1181  .0000  .0000  .01122  .8890
 787  .1180  .0000  .0000  .01299  .8892
 788  .1175  .0000  .0000  .01476  .8894
 789  .1170  .0000  .0000  .01653  .8896
 790  .1165  .0000  .0000  .01830  .8898
 791  .1161  .0000  .0000  .02007  .8900
 792  .1153  .0000  .0000  .02184  .8902
 793  .1146  .0000  .0000  .02361  .8904
 794  .1141  .0000  .0000  .02538  .8906
 795  .1137  .0000  .0000  .02715  .8908
 796  .1146  .0000  .0000  .02892  .8909
 797  .1155  .0000  .0000  .03069  .8912
 798  .1146  .0000  .0000  .03246  .8913
 799  .1138  .0000  .0000  .03423  .8915
 800  .1142  .0000  .0000  .03600  .8917
 801  .1145  .0000  .0000  .13375  .8919
 802  .1138  .0000  .0000  .23150  .8921
 803  .1132  .0000  .0000  .32925  .8922
 804  .1125  .0000  .0000  .42700  .8924
 805  .1118  .0000  .0000  .52475  .8926
 806  .1120  .0000  .0000  .62250  .8928
 807  .1123  .0000  .0000  .72025  .8930
 808  .1110  .0000  .0000  .81800  .8932
 809  .1098  .0000  .0000  .91575  .8933
 810  .1107  .0000  .0000  1.01350  .8935
 811  .1117  .0000  .0000  1.11125  .8937
 812  .1117  .0000  .0000  1.20900  .8938
 813  .1118  .0000  .0000  1.30675  .8940
 814  .1114  .0000  .0000  1.40450  .8942
 815  .1110  .0000  .0000  1.50225  .8943
 816  .1109  .0000  .0000  1.60000  .8945
 817  .1107  .0000  .0000  1.71688  .8946
 818  .1086  .0000  .0000  1.83376  .8948
 819  .1066  .0000  .0000  1.95065  .8950
 820  .1074  .0000  .0000  2.06753  .8951
 821  .1083  .0000  .0000  2.18442  .8953
 822  .1079  .0000  .0000  2.30130  .8955
 823  .1076  .0000  .0000  2.41818  .8956
 824  .1077  .0000  .0000  2.29242  .8958
 825  .1078  .0000  .0000  2.16667  .8960
 826  .1078  .0000  .0000  1.91026  .8962
 827  .1079  .0000  .0000  1.65385  .8963
 828  .1077  .0000  .0000  1.39744  .8965
 829  .1075  .0000  .0000  1.14103  .8966
 830  .1072  .0000  .0000  .88462  .8968
 831  .1070  .0000  .0000  .62821  .8969
 832  .1052  .0000  .000   .53366  .8971
 833  .1035  .0000  .0000  .43912  .8973
 834  .1044  .0000  .0000  .39853  .8974
 835  .1054  .0000  .0000  .35794  .8976
 836  .1053  .0000  .0000  .31735  .8977
 837  .1053  .0000  .0000  .27676  .8979
 838  .1048  .0000  .0000  .23617  .8980
 839  .1043  .0000  .0000  .19559  .8982
 840  .1045  .0000  .0000  .15500  .8983
 841  .1046  .0000  .0000  .14725  .8985
 842  .1037  .0000  .0000  .13950  .8986
 843  .1029  .0000  .0000  .13175  .8988
 844  .1031  .0000  .0000  .12400  .8989
 845  .1034  .0000  .0000  .11625  .8991
 846  .1030  .0000  .0000  .10850  .8992
 847  .1026  .0000  .0000  .10075  .8994
 848  .0999  .0000  .0000  .09300  .8995
 849  .0972  .0000  .0000  .08525  .8996
 850  .0988  .0000  .0000  .07750  .8998
 851  .1004  .0000  .0000  .06976  .8999
 852  .0989  .0000  .0000  .06202  .9001
 853  .0974  .0000  .0000  .05426  .9002
 854  .0926  .0000  .0000  .04651  .9003
 855  .0878  .0000  .0000  .03876  .9005
 856  .0945  .0000  .0000  .03101  .9006
 857  .1012  .0000  .0000  .02326  .9007
 858  .1005  .0000  .0000  .01551  .9009
 859  .0998  .0000  .0000  .00776  .9010
 860  .0998  .0000  .0000  .00001  .9012
 861  .0998  .0000  .0000  .00014  .9013
 862  .0999  .0000  .0000  .00027  .9014
 863  .1000  .0000  .0000  .00040  .9016
 864  .0985  .0000  .0000  .00053  .9017
 865  .0971  .0000  .0000  .00066  .9018
 866  .0926  .0000  .0000  .00079  .9020
 867  .0881  .0000  .0000  .00092  .9021
 868  .0924  .0000  .0000  .00105  .9022
 869  .0968  .0000  .0000  .00118  .9024
 870  .0969  .0000  .0000  .00131  .9025
 871  .0971  .0000  .0000  .00144  .9026
 872  .0972  .0000  .0000  .00155  .9028
 873  .0974  .0000  .0000  .00170  .9029
 874  .0975  .0000  .0000  .00183  .9030
 875  .0977  .0000  .0000  .00195  .9031
 876  .0978  .0000  .0000  .00208  .9032
 877  .0980  .0000  .0000  .00221  .9034
 878  .0981  .0000  .0000  .00234  .9035
 879  .0982  .0000  .0000  .00247  .9036
 880  .0984  .0000  .0000  .00260  .9037
 881  .0982  .0000  .0000  .28249  .9039
 882  .0980  .0000  .0000  .56239  .9040
 883  .0978  .0000  .0000  .84229  .9041
 884  .0976  .0000  .0000  1.12218  .9042
 885  .0974  .0000  .0000  1.40208  .9043
 886  .0972  .0000  .0000  1.68197  .9045
 887  .0970  .0000  .0000  1.96187  .9046
 888  .0968  .0000  .0000  2.24176  .9047
 889  .0965  .0000  .0000  2.52166  .9048
 890  .0963  .0000  .0000  2.80156  .9049
 891  .0961  .0000  .0000  3.08145  .9051
 892  .0959  .0000  .0000  3.36135  .9052
 893  .0957  .0000  .0000  3.64125  .9053
 894  .0955  .0000  .0000  3.92114  .9054
 895  .0953  .0000  .0000  4.20104  .9055
 896  .0951  .0000  .0000  4.48093  .9056
 897  .0949  .0000  .0000  4.76083  .9057
 898  .0947  .0000  .0000  5.04073  .9058
 899  .0945  .0000  .0000  5.32062  .9059
 900  .0943  .0000  .0000  5.60052  .9060
 901  .0931  .0000  .0000  5.88041  .9061
 902  .0939  .0000  .0000  6.16031  .9062
 905  .0000  .0000  .0000  7.0000  .9066
 915  .0000  .0000  .0000  5.0000  .9077
 925  .0000  .0000  .0000  5.0000  .9087
 930  .0000  .0000  .0000  27.0000  .9091
 937  .0000  .0000  .0000  55.0000  .9096
 948  .0000  .0000  .0000  45.0000  .9107
 965  .0000  .0000  .0000  4.0000  .9123
 980  .0000  .0000  .0000  1.4800  .9136
 994  .0000  .0000  .0000  .1000  .9146
 1040  .0000  .0000  .0000  .0000  .9174
 1070  .0000  .0000  .0000  .0010  .9184
 1100  .0000  .0000  .0000  3.2000  .9228
 1120  .0000  .0000  .0000  115.00  .9243
 1130  .0000  .0000  .0000  70.000  .9252
 1145  .0000  .0000  .0000  75.000  .9264
 1161  .0000  .0000  .0000  10.000  .9278
 1170  .0000  .0000  .0000  5.0000  .9284
 1200  .0000  .0000  .0000  2.0000  .9305


